81.9 116.2
128.0 45.33
57.17 89.7
88.57 62.01
65.66 115.12
88.89 52.04
21.04 135.43
57.58 123.11
65.29 91.46
60.43 35.15
41.45 14.46
108.16 50.84
69.64 65.73
7.11 123.19
129.33 64.61
113.18 140.68
29.78 15.26
53.11 83.2
74.77 136.57
77.14 119.71
22.82 65.63
5.54 22.46
138.23 48.34
108.42 57.24
147.16 52.55
51.18 96.41
106.76 124.29
138.53 33.59
39.19 111.96
121.19 110.76
49.36 22.27
93.54 57.96
108.57 104.73
17.7 91.02
93.93 83.84
21.4 39.1
45.16 84.95
80.92 120.1
9.05 104.38
38.26 142.15
54.98 28.42
146.99 114.68
9.03 60.7
76.98 112.06
35.02 100.28
3.14 72.33
58.44 105.04
52.39 58.35
48.2 107.49
90.26 25.89
134.16 34.37
99.84 77.3
59.01 3.85
31.31 87.72
107.89 74.6
96.83 86.07
138.52 91.05
79.26 54.72
140.66 79.0
141.45 109.32
143.91 90.79
78.58 25.85
82.52 79.59
36.14 91.67
122.46 98.28
121.25 106.5
146.33 99.95
61.53 109.47
83.28 68.08
0.74 89.23
72.97 136.41
21.63 22.8
71.81 128.09
75.98 7.36
77.7 93.61
149.51 93.14
122.34 67.57
101.83 107.45
63.08 68.58
31.37 93.6
52.37 49.09
12.96 78.23
2.86 115.54
86.47 7.97
149.67 53.8
114.46 57.03
43.7 141.4
130.93 0.4
38.55 33.13
134.69 111.26
87.91 79.35
5.06 141.28
145.54 8.35
84.3 59.79
9.25 65.0
56.2 144.94
17.32 82.92
39.21 110.25
67.24 146.26
92.49 12.74